<?xml version="1.0" encoding="utf-8"?>
<opencv_storage>
<Y_DISTANCE_BETWEEN_GUN_AND_CAM>0.</Y_DISTANCE_BETWEEN_GUN_AND_CAM>
   <CAMERA_MATRIX_1 type_id="opencv-matrix">
      <rows>3</rows>
      <cols>3</cols>
      <dt>d</dt>
      <data>1294.1641707806149952 0.0000000000000000 336.1626965272475331 
0.0000000000000000 1293.1591603355320785 408.8642807783189710 
0.0000000000000000 0.0000000000000000 1.0000000000000000 
</data>
   </CAMERA_MATRIX_1>
   <DISTORTION_COEFF_1 type_id="opencv-matrix">
      <rows>5</rows>
      <cols>1</cols>
      <dt>d</dt>
      <data>-0.0611147915574579 -0.1827355269156303 0.0000000000000000 0.0000000000000000 2.6074842937217602 </data>
   </DISTORTION_COEFF_1>
</opencv_storage>
