<?xml version="1.0" encoding="utf-8"?>
<opencv_storage>
   <CAMERA_MATRIX_1 type_id="opencv-matrix">
      <rows>3</rows>
      <cols>3</cols>
      <dt>d</dt>
      <data>1263.5343813735055392 0.0000000000000000 330.8276859599067166
         0.0000000000000000 1265.4651724583486612 405.4495314995476178
         0.0000000000000000 0.0000000000000000 1.0000000000000000
      </data>
   </CAMERA_MATRIX_1>
   <DISTORTION_COEFF_1 type_id="opencv-matrix">
      <rows>5</rows>
      <cols>1</cols>
      <dt>d</dt>
      <data>-0.0816465015079684 0.1360975268516537 0.0000000000000000 0.0000000000000000 -0.1015166060263767 </data>
   </DISTORTION_COEFF_1>
</opencv_storage>