<?xml version="1.0"?>
<opencv_storage>
<Y_DISTANCE_BETWEEN_GUN_AND_CAM>0.</Y_DISTANCE_BETWEEN_GUN_AND_CAM>
<CAMERA_MATRIX_1 type_id="opencv-matrix">
  <rows>3</rows>
  <cols>3</cols>
  <dt>d</dt>
  <data>
    1290.2439913137127405 0.0000000000000000 632.6615785423618945 
0.0000000000000000 1289.6858000931483730 517.8134563260401819 
0.0000000000000000 0.0000000000000000 1.0000000000000000 </data></CAMERA_MATRIX_1>
<CAMERA_MATRIX_2 type_id="opencv-matrix">
  <rows>3</rows>
  <cols>3</cols>
  <dt>d</dt>
  <data>
    1.0382847225196090e+03 0. 9.3531703201491598e+02 0.
    1.0362297674685799e+03 5.2381184997923003e+02 0. 0. 1.</data></CAMERA_MATRIX_2>
<DISTORTION_COEFF_1 type_id="opencv-matrix">
  <rows>5</rows>
  <cols>1</cols>
  <dt>d</dt>
  <data>
    -0.0198136169516209 -0.2099320992860574 0.0000000000000000 0.0000000000000000 1.0030979930578301 </data></DISTORTION_COEFF_1>
</opencv_storage>
